319
488
306
277
501
332
260
507
340
511
283
312
496
307
272
501
332
258
273
329
498
298
298
491
315
265
257
332
259
270
332
502
298
298
488
317
265
508
332
260
284
316
488
301
278
500
331
263
270
333
258
283
317
494
307
282
494
332
258
270
341
511
299
298
489
317
264
502
332
259
263
329
504
301
299
486
317
266
505
335
258
281
323
498
308
279
492
331
263
264
335
258
286
328
492
306
282
491
330
262
266
332
508
296
304
491
322
269
504
337
509
284
335
497
290
306
492
311
267
502
331
256
285
325
496
301
284
493
327
262
264
339
505
277
324
496
305
281
496
321
262
266
330
504
289
306
487
312
267
506
332
259
282
322
507
290
309
496
311
267
504
334
261
274
325
494
305
286
489
326
262
264
333
256
289
327
500
302
286
488
327
262
262
333
508
291
310
492
312
269
502
332
259
277
329
499
286
305
493
310
274
500
330
260
274
327
499
301
287
490
321
265
258
331
509
290
312
504
299
292
483
324
263
256
339
510
289
320
499
307
268
499
330
259
274
327
503
300
310
486
305
271
498
331
259
274
327
501
300
291
491
328
263
260
332
259
287
317
497
299
293
487
313
266
259
337
509
286
318
492
314
273
498
336
264
273
328
498
300
291
494
304
279
497
331
259
265
332
503
299
292
485
315
264
257
335
258
288
315
495
306
291
491
309
264
511
335
511
287
315
489
306
277
495
326
262
269
334
503
299
296
487
308
278
496
330
262
268
336
502
294
295
486
318
264
509
332
258
286
316
492
306
276
486
311
267
511
334
261
280
321
492
304
279
493
319
264
267
330
501
297
303
491
315
287
493
332
260
269
342
504
297
302
495
306
266
505
334
257
284
322
493
303
280
490
316
267
502
338
256
279
326
500
300
284
492
324
263
263
334
507
296
300
490
310
269
492
327
262
264
337
507
292
312
490
312
268
505
337
258
278
326
502
302
281
493
323
269
507
330
511
278
326
498
309
285
483
325
264
265
347
507
290
304
492
313
268
502
320
265
257
336
507
290
314
486
311
274
497
335
257
285
329
506
300
287
489
330
264
498
332
258
278
332
493
298
288
485
319
265
256
333
510
287
310
491
309
269
497
335
264
258
329
258
289
322
492
307
274
501
331
258
269
334
497
298
292
484
324
264
509
334
258
280
331
503
293
293
490
321
263
509
335
506
288
313
485
308
275
498
331
256
508
337
258
287
315
496
307
273
497
332
259
270
327
495
297
291
488
320
261
509
337
262
264
335
506
299
294
489
324
265
507
331
507
286
321
489
307
278
497
325
261
269
333
258
285
316
490
306
281
494
334
261
267
340
502
298
297
492
314
263
502
331
510
265
332
507
298
306
487
319
263
502
334
258
285
317
498
303
276
493
331
261
264
329
257
279
327
492
303
281
489
332
264
264
331
508
289
302
489
321
267
507
341
508
285
335
497
289
300
488
310
265
506
334
261
280
319
494
303
283
490
326
261
266
345
500
280
327
496
302
288
495
323
261
266
333
501
293
299
486
317
270
500
330
258
282
325
506
291
308
491
314
268
503
332
260
281
326
502
302
285
488
326
259
263
338
506
292
334
501
301
289
488
328
262
262
333
504
294
308
489
316
268
503
331
259
279
329
494
290
309
487
311
277
501
336
261
274
334
497
297
289
490
324
262
258
332
504
289
309
502
298
296
488
326
263
259
337
507
289
315
492
313
276
498
340
256
269
332
498
300
322
487
309
277
497
334
261
271
327
502
299
287
487
328
263
256
336
506
287
316
492
298
299
490
312
266
511
332
257
286
313
489
309
274
497
335
257
275
338
499
294
292
491
308
279
498
331
259
272
337
499
296
292
488
321
264
259
336
507
282
315
500
309
298
495
318
264
509
341
509
285
319
489
308
279
492
332
262
267
328
504
298
298
488
304
279
491
327
262
267
330
499
297
299
492
313
272
257
332
259
286
321
493
307
279
487
318
266
505
339
510
280
322
495
306
279
489
327
263
262
328
498
294
298
483
318
279
489
331
262
263
337
504
292
300
491
308
267
509
334
256
275
327
495
301
286
493
310
267
505
332
259
284
322
503
306
280
493
332
262
265
336
502
297
307
486
310
268
491
322
263
264
340
506
292
304
495
314
264
500
338
258
279
326
494
305
283
499
316
271
505
330
257
273
322
498
304
286
486
327
265
265
346
506
290
308
499
311
271
508
322
264
263
330
511
290
307
489
309
268
504
331
511
272
329
502
304
288
499
331
265
505
332
261
277
333
499
295
291
487
323
263
259
331
510
286
317
491
309
271
497
333
262
257
331
507
287
310
491
305
275
498
324
262
269
327
498
305
285
490
321
267
261
334
260
267
333
499
297
295
500
320
266
256
333
511
285
316
489
310
275
499
330
259
508
338
259
285
321
497
308
275
495
334
257
278
330
495
297
296
490
321
264
511
334
261
266
329
507
300
291
495
311
263
510
331
510
283
312
491
306
276
500
326
261
266
331
509
281
316
502
305
276
497
332
261
266
338
502
296
300
492
314
270
511
329
259
266
330
507
291
302
483
320
263
505
336
510
283
322
500
306
278
495
316
260
272
333
509
279
318
492
306
277
489
327
261
264
336
501
294
300
492
314
266
501
334
260
283
332
504
291
303
490
307
268
509
331
510
277
318
495
305
284
489
331
261
268
335
504
283
327
497
306
280
495
324
259
264
332
509
297
302
490
310
266
508
333
511
281
320
510
289
306
486
314
268
501
331
259
275
327
495
298
283
491
326
263
260
340
510
290
336
499
299
286
498
317
262
259
340
506
289
317
489
310
272
501
334
261
275
329
495
286
307
496
309
269
495
330
258
270
330
495
301
286
490
318
264
259
330
511
293
309
500
296
288
486
326
264
507
342
503
286
316
488
303
272
493
335
511
271
333
493
303
316
488
306
271
491
331
260
267
338
496
299
290
486
324
263
511
337
506
285
316
482
297
293
477
322
263
504
338
505
285
320
495
308
277
492
332
261
264
341
489
302
290
483
310
276
483
332
511
265
342
498
296
291
480
322
266
506
345
509
284
318
484
303
297
486
318
258
502
340
510
286
320
487
306
277
487
332
257
268
338
499
293
298
489
304
278
489
331
256
265
336
500
294
297
474
315
265
503
342
510
285
323
499
306
275
484
313
263
500
337
511
278
326
483
303
286
481
329
257
259
344
503
293
300
479
322
278
488
328
263
510
340
495
293
306
480
308
264
499
337
506
280
329
491
304
282
481
313
270
496
339
510
274
331
489
304
281
488
326
261
261
338
501
293
305
480
311
263
486
335
260
256
350
503
293
310
480
309
268
496
340
506
278
332
484
309
283
478
327
269
490
340
256
271
331
493
301
285
484
326
263
259
337
494
290
316
482
312
270
496
331
262
505
347
504
289
310
486
307
270
492
336
260
271
331
493
303
282
487
323
258
495
334
256
269
339
494
297
283
480
325
263
507
345
503
286
314
490
315
275
500
336
263
503
336
506
290
315
484
308
275
489
333
257
268
339
498
299
294
483
321
261
509
332
257
264
341
493
297
295
482
323
263
507
340
504
288
315
486
309
273
487
339
258
500
334
505
285
320
487
313
278
490
332
260
265
340
499
301
297
483
321
263
503
333
259
266
343
502
295
299
483
311
265
503
335
511
286
317
484
306
277
490
328
262
269
335
259
285
324
491
306
278
492
322
261
272
329
497
289
296
493
309
270
508
328
510
267
335
262
294
301
507
307
272
263
329
265
290
321
261
302
281
263
320
279
286
328
279
292
323
263
305
292
260
326
277
282
336
274
300
308
262
307
284
270
324
278
291
326
266
295
302
258
309
285
264
331
274
286
320
266
306
289
258
324
279
279
329
265
287
316
264
300
291
256
315
275
276
322
267
292
307
510
306
274
261
322
275
285
317
265
295
306
511
303
282
265
316
276
287
323
266
304
293
258
314
278
282
323
274
294
313
266
298
282
266
302
273
277
313
268
288
297
258
295
275
267
318
279
286
311
264
292
305
266
298
283
267
307
276
279
307
270
294
283
265
299
277
277
303
271
282
291
273
291
283
267
290
278
282
299
283
294
293
281
300
288
278
303
287
298
301
287
307
302
279
303
297
292
315
300
316
323
310
334
339
333
350
335
353
367
346
365
371
350
370
368
364
377
363
372
375
369
367
377
364
375
366
365
381
369
376
392
366
379
364
355
362
355
341
352
334
338
345
331
334
345
325
350
334
339
364
342
363
363
348
364
364
357
368
354
364
379
363
374
372
365
380
372
363
381
365
369
374
356
365
362
351
367
363
364
380
365
369
386
361
390
373
364
389
362
371
395
370
388
400
371
393
377
367
395
377
379
402
390
400
411
387
410
397
393
420
393
408
406
404
410
402
397
420
404
394
408
406
408
410
412
421
411
395
415
413
412
408
398
417
417
396
422
405
400
415
411
398
411
403
407
415
406
419
408
399
412
399
409
413
406
420
411
402
412
410
391
415
405
410
417
389
410
399
374
415
373
376
398
370
385
397
364
386
367
363
382
354
364
368
351
352
364
342
354
351
326
350
337
340
351
323
345
333
320
340
330
322
336
326
328
336
322
320
331
299
317
304
308
330
304
304
314
296
313
310
291
319
300
296
318
301
307
317
301
309
303
288
318
305
298
314
301
311
315
288
318
310
300
318
305
307
316
300
313
311
297
315
301
312
325
305
322
328
306
323
314
304
330
322
322
341
323
347
361
356
374
366
352
383
364
371
388
364
386
382
369
393
367
371
388
376
377
401
382
394
395
376
393
380
377
399
381
388
402
370
396
387
378
401
381
390
395
380
386
407
386
399
390
365
401
382
384
400
381
386
402
371
391
376
371
400
381
389
397
384
393
389
380
395
384
376
405
381
396
410
383
395
390
376
401
384
384
404
386
378
403
377
401
388
378
409
388
384
407
379
404
398
385
392
384
370
410
384
399
409
381
410
402
381
394
386
376
399
387
394
410
385
413
397
377
389
389
390
410
383
397
406
379
411
387
381
405
378
392
405
383
402
406
382
404
394
379
398
379
390
408
382
392
410
378
393
392
376
404
383
391
398
370
391
374
356
372
351
346
367
347
354
360
332
350
340
324
346
332
323
339
324
331
345
320
332
323
318
331
316
317
338
313
331
333
311
330
322
302
337
318
322
332
315
335
323
318
328
321
319
332
321
331
333
313
330
330
311
334
320
319
342
320
328
334
314
327
329
304
328
322
324
336
320
335
329
318
331
323
309
332
315
327
334
317
331
332
307
332
323
316
341
320
333
334
323
338
330
319
343
332
327
340
335
337
354
335
361
356
334
363
361
366
380
363
383
372
363
379
370
365
381
370
370
391
365
393
391
367
387
369
376
391
376
386
405
372
390
380
366
389
382
372
405
386
387
414
373
404
393
374
410
379
390
408
389
410
403
384
406
388
384
405
386
396
409
385
398
400
379
401
386
386
402
383
398
401
386
414
390
383
410
392
382
404
392
393
406
388
399
392
381
404
384
399
405
395
400
398
377
403
381
377
396
385
388
409
391
403
406
388
403
389
385
407
389
402
407
389
410
396
382
407
393
376
408
383
403
410
391
408
397
384
410
383
389
411
390
402
411
378
407
398
379
413
381
385
411
395
403
411
387
403
391
372
398
382
393
398
370
384
366
352
364
339
333
346
333
333
346
317
332
327
299
326
318
311
339
317
324
337
310
331
317
311
331
315
317
332
318
321
330
311
333
319
306
334
320
324
341
311
331
330
306
327
314
312
325
314
322
335
324
326
329
316
324
317
316
336
319
321
331
314
324
318
308
334
322
319
330
318
324
336
314
335
322
312
331
322
322
332
315
328
331
314
331
323
320
344
323
335
346
330
336
347
341
354
361
365
379
367
375
384
368
390
368
367
390
378
385
400
377
381
396
375
395
378
371
400
368
381
401
377
394
393
375
393
379
388
399
384
383
413
395
398
401
374
402
386
382
414
385
396
408
380
401
395
379
406
381
392
405
394
405
410
398
411
394
381
404
388
387
409
400
404
407
391
405
393
380
407
383
400
409
392
403
404
384
399
404
384
409
390
397
416
395
404
401
382
406
389
393
406
394
403
410
392
404
405
384
409
390
397
408
403
405
405
383
406
395
385
407
392
409
409
397
405
409
387
414
414
394
407
397
402
409
394
412
392
382
414
394
400
422
395
400
407
380
388
382
364
363
346
342
349
338
339
338
315
336
331
319
337
314
326
336
315
321
333
314
329
320
306
328
321
320
340
315
326
333
302
325
323
319
341
325
326
336
319
331
332
312
331
316
312
335
323
324
342
315
331
324
309
338
318
331
345
314
337
344
318
337
325
316
332
324
326
338
324
322
332
312
330
321
319
338
322
330
336
314
333
337
313
331
323
320
339
324
333
352
330
348
346
335
358
362
370
384
366
386
385
367
388
378
369
394
375
390
396
378
398
401
372
403
392
388
411
383
399
402
383
404
408
379
406
383
373
412
386
408
413
379
401
395
381
409
384
399
409
379
408
399
387
410
397
378
411
391
391
411
390
407
404
380
408
391
387
407
392
402
410
380
403
394
394
406
400
386
409
397
397
410
382
399
397
378
407
388
402
407
394
411
407
383
403
404
385
405
390
385
408
392
403
407
382
403
395
377
407
394
399
408
380
403
395
382
406
395
389
405
394
402
408
396
411
400
379
412
391
390
421
400
408
405
390
407
395
395
410
402
398
404
402
398
413
397
418
399
390
415
401
395
422
395
412
412
388
403
391
390
410
391
400
405
388
396
387
364
379
365
363
373
359
362
362
337
347
343
335
342
337
337
350
333
337
349
332
339
340
322
346
337
339
348
325
339
344
324
344
330
336
344
331
327
348
329
340
338
324
342
332
327
347
324
325
341
315
339
332
317
335
330
328
338
321
331
349
320
339
331
323
344
323
328
350
328
337
334
316
335
325
326
336
325
323
346
325
340
340
322
333
335
328
347
330
335
352
332
350
350
322
362
348
347
375
362
379
396
365
388
377
369
390
376
376
404
379
401
397
370
392
375
378
395
385
383
403
381
395
397
372
397
385
376
401
381
399
407
375
395
391
375
404
377
386
407
377
402
407
386
404
397
381
405
386
383
407
380
401
396
382
399
390
382
403
387
395
409
396
403
409
379
405
406
387
409
394
401
406
397
404
400
388
419
394
393
408
393
405
411
392
407
407
383
409
391
400
409
395
411
410
381
411
393
383
406
396
400
410
401
404
410
386
406
396
391
416
404
403
408
394
413
398
396
417
404
392
418
404
412
408
394
412
404
390
410
403
399
422
408
413
414
395
417
405
394
418
397
412
413
408
415
414
404
409
400
393
411
391
406
410
383
405
388
381
395
367
361
373
356
366
367
339
352
351
332
361
346
341
363
340
339
360
330
355
340
333
363
333
346
348
351
345
357
336
352
349
332
352
335
350
362
350
360
356
332
352
341
337
357
339
343
358
343
348
355
342
352
344
338
361
338
345
358
330
354
340
337
349
342
343
360
340
348
353
346
351
349
334
355
337
342
362
349
360
358
343
355
357
344
385
372
380
403
373
400
403
380
403
383
383
404
388
400
416
396
410
400
390
402
393
397
414
400
410
412
397
410
404
390
417
393
398
412
399
411
411
387
399
401
376
416
393
403
409
388
412
417
392
415
405
385
414
403
400
416
403
408
401
384
407
396
401
413
402
406
414
388
408
407
388
413
390
400
413
398
405
413
395
408
408
386
408
396
403
409
405
411
403
392
416
411
396
408
404
400
417
399
412
412
405
416
400
397
420
405
405
419
401
415
412
403
415
397
404
417
403
413
419
396
412
404
390
414
400
408
415
403
409
410
396
413
411
399
422
410
409
414
397
408
413
400
410
400
390
411
397
408
413
396
409
404
390
408
386
388
412
395
391
409
387
406
405
374
405
383
388
410
382
396
398
370
400
391
371
410
383
391
405
386
405
397
385
390
391
380
409
383
405
407
386
403
396
378
406
393
381
409
391
399
411
381
405
397
379
405
382
387
408
392
402
404
381
399
397
379
407
381
387
401
390
399
406
383
403
396
385
407
397
402
406
382
411
403
373
406
393
381
408
389
389
410
383
401
400
382
403
377
385
408
384
402
407
388
406
402
393
409
404
404
410
415
416
410
404
417
415
402
412
407
406
425
416
414
409
401
416
413
414
421
416
406
413
416
424
413
404
416
417
405
413
412
408
415
415
424
411
406
415
413
411
433
416
418
418
407
414
421
411
417
405
421
419
414
414
419
409
416
413
411
418
407
414
420
406
416
420
403
418
405
413
417
416
422
418
405
416
420
411
419
415
414
431
408
415
422
408
416
422
414
419
416
416
419
402
416
421
411
419
407
414
419
408
416
423
414
420
418
407
416
404
410
423
406
420
421
406
421
412
394
416
406
413
412
408
407
412
398
408
407
389
411
398
398
413
401
407
411
394
409
390
390
411
399
401
415
404
409
414
386
403
391
390
415
393
400
415
396
410
399
380
412
394
391
412
395
406
416
396
411
403
390
414
401
393
415
384
409
415
388
409
395
397
414
399
407
416
402
411
410
384
412
398
390
405
391
398
413
392
406
406
385
408
381
397
411
396
404
414
391
407
402
393
408
394
397
411
396
405
409
390
415
397
386
408
394
404
411
398
407
411
385
411
398
386
410
398
400
412
392
407
400
387
412
393
399
411
398
407
415
398
410
410
388
412
393
400
413
401
406
412
400
409
410
388
411
409
408
412
407
409
414
402
424
412
403
409
407
406
409
413
415
412
416
415
404
411
424
413
419
426
416
422
412
410
424
412
412
428
414
419
426
408
422
401
408
424
412
417
421
409
417
408
410
421
418
408
419
412
420
423
412
418
424
413
414
410
415
421
410
416
421
413
420
425
415
414
408
409
421
410
417
423
409
418
424
411
426
407
420
419
405
424
421
412
417
408
397
419
410
415
421
411
416
421
404
417
418
408
419
410
413
420
405
418
416
394
414
403
401
422
393
401
407
397
411
405
400
419
393
400
408
402
412
404
396
413
407
386
404
399
395
410
398
404
408
381
416
404
386
410
400
404
414
398
406
410
395
410
401
389
414
399
403
416
384
411
410
387
412
400
401
415
397
411
416
394
410
402
385
414
401
395
409
399
410
417
384
411
395
394
416
391
413
411
390
398
407
393
418
391
381
411
397
397
413
396
410
399
390
413
403
399
415
402
409
405
397
403
401
394
409
398
395
411
398
406
411
390
404
400
388
411
392
397
411
394
409
413
397
412
402
381
412
397
404
417
398
413
418
387
416
402
404
409
397
414
419
399
417
412
400
412
403
392
414
408
418
405
407
420
409
408
419
411
415
423
411
418
416
406
405
410
403
408
413
415
420
418
424
414
401
409
417
406
421
402
409
416
412
412
415
406
421
404
410
418
408
411
418
404
414
410
408
417
407
414
419
410
414
422
405
418
416
414
418
412
410
424
413
419
427
409
423
413
401
408
407
418
409
409
422
412
416
424
406
406
412
410
408
417
415
418
416
407
413
412
410
415
414
413
417
405
413
421
411
425
409
413
419
410
417
422
411
418
407
405
421
401
423
421
412
417
412
411
421
410
416
422
412
418
408
413
421
417
408
412
412
410
408
411
420
408
403
413
408
399
418
403
386
410
403
403
412
393
415
397
385
408
390
397
410
397
406
408
394
406
389
396
410
388
409
415
396
409
414
389
412
400
389
413
393
408
413
396
410
395
381
414
388
408
417
395
399
416
402
412
406
385
408
400
399
412
403
408
410
387
411
401
396
413
400
400
408
402
404
406
392
404
402
393
406
393
411
407
395
413
403
384
420
395
398
408
407
406
414
401
410
399
386
407
396
402
415
403
409
415
388
413
402
390
415
395
409
410
400
412
410
393
416
396
392
416
397
406
416
397
414
407
389
416
396
414
420
403
409
422
405
420
402
405
421
409
410
428
412
417
424
411
420
410
407
421
404
418
425
414
421
424
411
422
412
410
420
414
415
427
417
423
410
410
409
415
402
408
415
421
430
401
409
414
404
413
408
406
419
412
407
413
402
424
415
405
416
416
422
411
415
409
415
402
412
411
409
415
402
414
423
414
410
416
407
411
411
409
416
411
409
414
404
412
419
407
415
404
411
414
414
411
417
414
413
403
409
416
422
413
417
406
421
420
408
417
414
411
426
419
415
419
408
415
421
411
420
414
412
419
407
415
419
406
415
421
409
418
417
413
420
409
416
421
404
415
405
395
417
390
415
419
407
413
418
403
416
414
394
416
399
395
417
400
415
412
398
415
405
393
415
405
404
416
390
412
412
394
416
404
403
417
408
408
420
402
415
399
387
416
399
406
417
406
413
418
391
415
404
402
419
399
404
409
403
413
419
399
416
401
394
409
404
411
417
403
415
415
393
417
399
396
419
405
413
411
402
415
417
394
419
398
405
420
404
415
411
394
418
399
404
417
399
399
417
409
416
415
400
412
400
398
413
409
408
415
408
419
401
390
421
404
395
410
406
420
410
408
423
411
411
416
415
415
420
417
422
412
411
424
412
404
411
417
415
415
419
408
414
412
420
415
403
414
400
422
428
410
425
413
404
423
415
407
413
414
416
414
411
410
417
416
413
417
417
412
419
408
414
414
411
417
404
413
420
409
431
417
412
416
415
412
416
401
422
412
411
430
410
412
417
407
432
419
409
421
407
418
418
416
413
419
406
414
413
409
417
421
410
417
415
412
417
408
417
418
412
417
408
412
419
400
415
422
411
422
418
415
418
406
414
420
410
417
405
413
421
409
416
421
413
419
424
413
421
410
409
423
415
419
426
406
422
413
410
424
415
407
411
419
423
421
405
410
415
406
415
417
408
420
412
409
417
405
411
409
409
415
412
412
416
405
412
419
389
413
403
401
415
404
411
417
400
414
420
394
418
402
406
418
399
413
419
406
414
409
401
410
397
397
407
403
414
412
404
416
407
391
416
407
399
422
412
415
421
406
411
406
399
421
402
417
415
403
417
405
399
416
407
400
414
407
403
408
404
412
408
393
415
405
401
408
404
421
417
396
406
409
393
409
408
419
410
408
407
413
401
416
407
402
412
400
403
410
403
407
409
395
408
407
404
410
414
406
427
414
409
415
405
411
417
408
429
420
410
415
417
425
416
415
424
417
410
429
419
425
431
414
410
426
405
418
419
412
424
410
408
415
414
410
416
422
417
411
422
432
418
411
417
406
412
420
407
426
413
410
432
423
412
417
417
416
411
409
414
413
422
427
420
414
419
410
414
422
410
433
426
412
417
415
413
421
410
426
416
422
425
425
414
419
410
416
414
413
422
424
414
418
410
415
422
410
419
418
412
433
415
424
433
410
416
424
412
419
418
415
420
410
425
421
408
416
416
413
432
408
415
436
409
418
423
413
420
418
416
424
412
416
429
413
420
417
414
424
410
417
435
414
435
424
415
422
411
410
427
414
420
409
415
422
412
418
424
414
412
425
416
421
425
409
420
415
408
413
417
399
414
411
407
416
405
412
413
384
413
402
392
416
404
411
416
390
411
405
392
408
396
388
418
399
408
412
392
416
399
389
410
399
397
413
395
414
405
392
413
394
396
406
394
401
407
403
411
403
390
414
404
401
406
395
411
406
392
411
410
396
408
398
396
409
396
406
412
399
416
405
396
409
407
405
410
399
414
410
392
408
407
389
411
397
407
413
408
410
413
398
411
410
404
411
401
408
413
399
409
415
406
413
414
408
420
414
414
436
414
413
413
408
414
420
410
431
416
412
416
413
428
420
410
422
422
412
429
423
412
419
424
415
421
411
429
418
422
434
416
430
417
417
416
423
413
419
408
413
419
409
431
422
409
416
423
413
436
408
425
435
408
415
420
410
424
408
415
436
425
414
422
412
418
425
413
422
417
424
438
409
432
420
411
420
425
414
427
411
421
431
411
434
423
413
422
409
415
436
411
417
430
412
417
419
412
421
411
418
422
413
434
424
413
418
424
414
435
410
418
430
411
418
423
413
420
420
418
440
412
419
440
412
436
426
416
427
411
415
422
413
420
424
415
420
426
417
427
413
420
434
414
422
428
417
423
413
405
425
414
419
426
415
422
426
409
424
411
414
410
414
406
426
415
423
413
409
424
412
412
409
415
405
411
413
421
408
409
415
412
405
418
407
406
413
408
416
406
400
410
406
418
410
407
422
411
400
416
413
400
416
408
404
410
417
407
412
402
408
409
402
409
409
406
427
413
415
407
393
416
412
403
417
401
405
413
401
415
412
401
414
407
406
411
407
407
412
414
408
413
415
415
416
406
428
418
427
429
416
425
413
413
440
427
421
428
416
422
413
418
426
414
419
442
417
423
429
419
441
414
420
430
414
427
440
416
428
425
417
421
421
417
434
413
418
445
416
438
442
416
422
412
418
440
413
424
442
415
437
427
418
430
412
417
440
413
426
440
417
421
426
417
422
412
419
437
414
420
442
416
427
428
415
425
412
419
440
414
436
443
416
443
411
418
439
413
431
439
411
438
423
414
424
418
413
438
424
439
440
410
439
422
413
439
424
414
440
409
428
444
426
418
422
412
425
424
420
436
425
416
438
411
439
422
412
432
424
415
435
407
430
421
421
414
414
411
425
422
411
426
410
417
419
410
415
413
411
426
405
413
417
401
413
412
400
414
403
410
414
403
408
407
386
409
394
375
396
376
378
397
381
402
391
378
401
382
382
405
377
387
412
385
392
396
372
403
381
381
406
386
392
413
383
406
391
372
401
380
378
393
369
375
380
362
374
368
354
375
362
364
374
364
365
368
363
373
364
365
368
362
356
368
343
355
359
342
349
345
331
347
338
339
351
332
339
336
315
338
324
323
339
318
320
330
309
320
322
298
313
306
295
318
294
306
319
279
300
298
274
306
289
285
316
277
293
300
272
294
291
265
301
283
281
313
271
290
302
258
296
280
257
319
266
285
314
265
292
306
260
295
279
256
312
271
276
318
257
291
286
504
303
269
266
323
266
283
300
511
293
287
510
301
270
263
322
265
285
311
506
295
283
505
318
266
282
327
262
297
295
507
302
284
258
318
269
277
341
510
300
308
495
325
273
260
347
260
295
336
500
318
318
503
334
284
258
382
264
296
370
493
334
311
489
371
265
276
384
256
317
330
487
327
308
495
375
268
271
377
506
313
335
487
356
285
257
389
263
297
365
503
333
309
496
349
292
510
387
264
299
373
489
336
309
490
375
274
273
385
257
320
338
485
350
317
500
372
276
265
388
507
312
351
484
346
291
501
386
263
292
371
503
333
317
491
345
296
504
385
264
296
376
502
332
325
490
363
275
267
383
259
312
349
488
345
294
490
374
280
266
388
258
310
355
492
340
299
502
381
268
288
378
499
327
321
490
363
298
501
387
265
285
381
505
333
325
491
362
282
262
384
260
305
356
494
337
300
496
363
280
259
392
259
306
360
496
338
302
498
388
266
288
389
502
327
329
485
362
279
495
381
268
287
385
508
327
331
491
363
287
258
385
260
308
358
491
342
301
499
380
283
510
393
265
306
366
501
335
304
494
378
273
275
393
506
322
335
486
351
292
256
382
275
275
386
510
321
337
490
362
288
256
384
261
299
367
494
338
310
494
379
270
504
389
260
299
374
501
333
310
495
375
275
265
387
504
315
338
491
350
288
256
387
273
264
397
257
316
341
495
353
291
509
390
265
294
376
495
332
313
491
377
278
268
391
266
295
372
505
328
